22.5632
22.5632
672.476
20.9943
25.5208
176.712
15.2619
22.5632
22.5632
117.064
279.982
241.612
47.4415
123.172
8981.48
17.9096
12.1255
12.3624
13.3178
14.4669
19.1994
79.0246
123.172
221.214
12.1883
12.3748
13.8971
27.8091
39.9165
75.1782
102.982
168.332
12.1584
12.3571
12.6788
14.4777
22.35
46.4024
96.0896
126.491
12.6373
12.8026
13.1413
13.5477
14.8615
16.8002
31.9063
75.4382
230.129
12.6678
13.0184
13.6108
13.8871
15.2619
22.5632
117.064
201.896
427.099
12.6678
13.0184
13.6108
13.8871
15.2619
22.5632
117.064
201.896
427.099
12.1255
12.3624
13.3178
14.4669
19.1994
79.0246
123.172
221.214
14.9018
16.135
47.4415
93.1191
176.712
208.768
241.612
279.982
324.571
443.377
12.6678
13.0184
13.6108
13.8871
15.2619
22.5632
117.064
201.896
427.099
12.6678
13.0184
13.6108
13.8871
15.2619
22.5632
117.064
201.896
427.099
12.5903
12.7582
13.0222
13.4363
14.4372
16.7847
19.0303
55.6804
170.204
12.7629
12.8545
13.4386
14.095
15.9703
19.1908
82.4474
201.688
307.461
12.3321
12.4222
14.3262
23.2427
41.01
74.2481
102.246
118.729
149.185
12.1243
12.3901
12.7405
13.3619
36.9239
46.4585
76.357
135.879
141.211
12.2576
12.5241
13.9659
17.1409
36.3982
68.1814
82.3736
119.296
150.951
14.0384
14.3487
17.5582
38.089
93.5592
135.496
195.751
223.846
293.443
357.442
93.5592
15.9744
13.7375
13.8964
14.205
14.6001
15.9744
26.3087
29.4823
107.55
175.827
247.846
12.6644
12.8815
13.2315
13.3841
14.565
17.2915
21.3491
47.0568
187.387
13.7375
13.8964
14.205
14.6001
15.9744
26.3087
29.4823
107.55
175.827
247.846
14.0384
14.3487
17.5582
38.089
93.5592
135.496
195.751
223.846
293.443
357.442
14.0384
14.3487
17.5582
38.089
93.5592
135.496
195.751
223.846
293.443
357.442
12.6173
12.8008
13.0735
13.4386
14.2082
15.3364
19.4006
31.9543
135.751
12.1475
12.3012
12.607
13.7194
15.7492
39.2928
94.5294
111.725
13.2137
13.5158
14.2082
14.8248
15.3364
19.4006
31.9543
135.751
13.2137
13.5158
14.2082
14.8248
15.3364
19.4006
31.9543
135.751
12.607
12.9738
13.7194
15.7492
39.2928
94.5294
111.725
161.494
13.8267
14.0268
14.266
14.7372
15.2603
16.7854
25.401
83.0735
157.819
244.487
16.7029
16.8158
16.9846
17.2282
17.5585
18.2807
522.703
12.5748
13.1471
16.3028
28.4741
58.3464
66.8553
13.2137
13.5158
13.4147
13.9994
15.0499
15.3231
18.1191
43.5405
133.057
201.509
13.8971
16.0511
27.8091
39.9165
75.1782
102.982
168.332
216.989
14.1467
14.4994
21.2038
36.6321
63.8491
104.758
124.011
181.686
244.528
281.32
16.9839
17.1802
17.498
18.1347
245.577
651.465
950.924
13.0387
13.9535
24.1619
34.0186
51.399
84.7721
108.46
133.523
11.8614
30.1613
72.0747
80.9809
140.964
166.876
207.874
272.972
13.6731
14.3926
15.9703
16.5195
19.1908
82.4474
201.688
307.461
13.3178
13.6401
14.4669
19.1994
79.0246
123.172
221.214
319.063
16.135
28.4562
69.4014
116.832
176.712
208.768
241.612
279.982
324.571
443.377
17.1805
17.3808
17.723
18.7053
397.941
820.535
1369.5
12.6326
12.7405
13.3619
36.9239
46.4585
76.357
135.879
141.211
11.2637
12.4183
15.3269
30.1179
40.3157
106.185
148.886
209.819
13.3195
13.883
14.565
15.4781
17.2915
21.3491
47.0568
187.387
12.5098
12.6619
13.0973
14.0297
22.3403
84.1208
94.9971
154.729
13.8964
14.149
14.4388
14.8973
15.9744
26.3087
29.4823
107.55
175.827
247.846
17.0772
17.4831
18.001
18.7642
546.408
917.446
1346.19
12.4015
12.5956
13.1962
13.7568
19.8722
39.9443
63.2095
108.325
10.8799
11.6799
12.3061
22.0167
38.2715
71.759
134.211
167.869
13.2446
13.5214
14.6163
15.2806
15.4946
21.768
54.1902
176.188
12.748
12.9649
14.2139
23.2658
50.0373
101.299
129.731
151.346
13.7406
13.929
14.2124
14.5036
14.9046
15.5027
18.6721
20.4321
77.817
193.523
16.7357
16.8394
17.0071
17.2442
17.8935
166.104
576.734
13.261
13.9659
17.1409
36.3982
68.1814
82.3736
119.296
150.951
12.2027
21.3959
50.0728
66.7552
80.0941
96.209
121.009
156.553
13.2446
13.5044
14.4372
15.2806
16.7847
19.0303
55.6804
170.204
12.6788
13.6126
14.4777
22.35
46.4024
96.0896
126.491
157.713
13.7542
13.9362
14.1412
14.3496
15.2527
15.3508
17.6611
26.9728
89.0567
229.725
16.7357
16.891
17.0199
17.1783
17.5173
18.6442
380.321
12.7471
14.3262
23.2427
41.01
74.2481
102.246
118.729
149.185
12.4535
22.0235
45.4906
64.2082
92.6477
101.672
126.04
161.683
13.2137
13.5158
14.2082
14.8248
15.3364
19.4006
31.9543
135.751
12.607
12.9738
13.7194
15.7492
39.2928
94.5294
111.725
161.494
13.8267
14.0268
14.266
14.7372
15.2603
16.7854
25.401
83.0735
157.819
244.487
16.7029
16.8158
16.9846
17.2282
17.5585
18.2807
522.703
12.5748
13.1471
16.3028
28.4741
58.3464
66.8553
103.857
141.468
11.2673
19.9771
43.5201
51.8745
70.4869
89.3212
106.17
129.724
13.2964
13.5456
14.2401
14.6918
15.0639
16.7625
28.2309
142.009
12.6871
12.8545
13.5132
13.9913
49.769
101.801
107.994
150.166
13.8288
14.0784
14.3131
14.8253
15.4668
16.7579
33.9973
70.6725
151.7
255.175
16.715
16.8057
16.9255
17.2155
17.5514
244.376
883.988
12.4707
13.3735
18.0818
22.2272
37.336
86.247
113.975
136.254
11.2261
31.2471
38.1311
53.9136
68.0668
78.5723
112.953
134.22
13.6731
14.3926
15.9703
16.5195
19.1908
82.4474
201.688
307.461
13.3178
13.6401
14.4669
19.1994
79.0246
123.172
221.214
319.063
16.135
28.4562
13.8661
16.0101
18.1396
30.5204
61.1922
99.2632
214.369
357.626
14.1828
15.5412
45.5321
63.9952
128.425
198.989
279.005
355.052
24.7204
65.7076
103.407
136.434
204.34
196.486
260.575
284.943
313.898
431.218
17.3066
17.5973
17.9246
18.5906
476.288
653.158
1273.61
13.5577
22.7897
47.3217
13.6731
14.3926
15.9703
16.5195
19.1908
82.4474
201.688
307.461
13.3178
13.6401
14.4669
19.1994
79.0246
123.172
221.214
319.063
16.135
28.4562
69.4014
116.832
176.712
208.768
241.612
279.982
324.571
443.377
17.1805
17.3808
17.723
18.7053
279.982
107.55
19.3632
22.0198
28.3964
86.4114
253.212
580.794
719.934
877.465
1090.07
1244.44
18.3866
24.8856
41.2061
96.1104
131.836
201.804
282.139
404.346
514.102
19.5556
24.0454
36.6551
142.153
307.399
404.268
538.82
677.806
816.852
1004.31
19.2883
19.8785
21.135
23.4493
109.73
655.257
1064.89
35.6248
92.5073
120.511
120.062
168.202
232.243
288.712
410.803
22.7078
59.3259
167.003
343.488
413.381
556.795
725.031
19.8457
23.9686
32.9687
116.167
311.271
661.705
848.259
989.107
19.5052
22.1138
28.2946
48.7519
215.63
542.777
694.818
885.369
1028.55
1244.54
17.946
19.4367
22.6153
58.64
127.645
154.241
271.466
419.793
436.174
19.0783
21.6835
19.3419
22.6953
26.7744
55.188
242.592
578.628
681.578
908.982
1045.91
1263.8
17.685
20.6191
21.6813
85.6672
143.886
190.403
310.306
305.057
453.058
19.0926
21.2534
24.7618
37.1373
119.211
208.19
320.324
454.968
584.869
778.153
19.0541
19.3004
20.2535
20.765
22.321
517.565
849.111
20.882
69.8652
109.371
160.078
19.5879
22.9431
29.1034
77.9771
289.73
542.132
737.381
908.43
1096.67
1238.25
18.56
18.6328
21.8924
28.254
63.4884
117.296
19.5879
22.9431
29.1034
77.9771
289.73
542.132
737.381
908.43
1096.67
1238.25
18.56
18.6328
16.3599
17.8614
19.5879
22.9431
29.1034
45.973
77.9771
127.964
289.73
18.56
18.6328
21.8924
28.254
63.4884
117.296
240.044
350.303
415.021
19.5243
22.538
26.1595
53.6765
212.428
274.688
396.73
587.337
754.718
910.879
19.5751
20.2038
21.5921
80.0761
534.647
16.3599
17.8614
19.5879
22.9431
29.1034
45.973
77.9771
127.964
289.73
16.3608
17.5533
18.56
18.6328
21.8924
28.254
63.4884
117.296
240.044
350.303
19.5243
22.538
26.1595
33.5662
53.6765
101.635
212.428
274.688
18.6348
19.0206
19.5751
20.2038
21.5921
80.0761
534.647
830.447
18.1024
25.6523
58.0182
107.77
120.461
233.098
289.469
355.928
16.8822
20.2557
25.2971
89.1523
142.16
244.978
329.608
440.627
16.5715
17.4863
19.5052
22.1138
28.2946
33.3539
48.7519
142.46
215.63
16.484
17.3932
17.946
19.4367
22.6153
58.64
127.645
154.241
271.466
419.793
19.0783
21.6835
24.7919
27.5854
48.8839
117.295
166.217
253.688
18.5083
18.7285
18.9275
19.3635
19.9921
20.771
22.3521
498.717
23.1258
69.4325
116.932
131.267
177.681
231.819
325.409
418.753
17.597
29.1206
71.5912
131.927
188.62
260.912
339.023
410.605
16.3836
17.8945
19.4732
22.624
29.1558
35.3524
70.6234
123.117
210.254
16.8243
17.1445
18.8287
19.456
20.6992
39.7397
92.331
129.003
263.585
296.736
19.6359
21.95
25.0067
30.5094
41.5835
81.1692
175.137
264.013
18.5337
18.6511
19.0676
19.5614
19.9299
20.6627
21.8522
376.838
18.6495
69.656
94.044
121.621
190.597
258.534
282.071
372.299
17.7499
25.4455
68.3299
127.981
173.439
251.087
322.772
416.823
16.4523
17.5481
19.3419
22.6953
26.7744
35.2422
55.188
140.698
242.592
16.6398
17.4313
17.685
20.6191
21.6813
85.6672
143.886
190.403
310.306
305.057
19.0926
21.2534
24.7618
28.9501
37.1373
59.3371
119.211
208.19
18.545
18.7329
19.0541
19.3004
20.2535
20.765
22.321
517.565
20.882
69.8652
109.371
160.078
230.733
237.948
335.576
380.277
17.8757
26.6649
56.6347
129.3
187.08
242.462
349.593
456.88
16.4585
17.7049
19.2692
22.3179
27.2504
33.428
61.0581
135.937
243.456
16.1582
17.2517
17.5908
19.9824
31.5474
95.9027
118.951
143.72
253.706
347.027
19.2338
20.5664
24.5429
29.2769
34.0541
45.8133
95.8237
185.605
18.3716
18.7809
19.035
19.4508
20.1034
20.8852
22.1621
260.662
24.4875
64.1997
104.632
141.462
184.552
226.042
325.369
387.428
18.1448
21.1828
64.4663
142.044
173.318
246.912
338.56
459.028
16.5868
17.8798
19.8457
23.9686
32.9687
58.4742
116.167
198.288
311.271
16.5048
17.8564
18.124
19.4142
22.7496
48.44
97.3491
197.17
343.711
450.02
21.3308
40.6128
153.044
225.982
285.329
374.971
495.02
598.232
19.0258
19.2869
19.9515
20.7167
22.1831
23.6092
408.917
844.566
19.3902
33.7729
76.3551
134.913
167.012
250.977
334.033
390.254
17.672
21.0201
30.2174
134.168
195.838
323.92
430.524
551.881
16.5253
17.4512
19.3632
22.0198
28.3964
42.5813
86.4114
153.563
253.212
17.0434
17.4608
18.3866
24.8856
41.2061
96.1104
131.836
201.804
282.139
404.346
19.5556
24.0454
36.6551
103.142
142.153
201.518
307.399
404.268
18.4832
18.7992
19.2883
19.8785
21.135
23.4493
109.73
655.257
35.6248
92.5073
120.511
120.062
168.202
232.243
288.712
410.803
18.304
22.7078
59.3259
167.003
251.058
343.488
413.381
556.795
14.4759
15.0022
15.6973
16.5724
17.8536
18.7406
20.9212
22.7515
33.9238
14.2566
14.6235
15.1087
15.828
17.054
26.4657
60.0039
96.6049
164.951
242.897
16.2912
17.4985
18.9575
23.5488
47.8199
49.9604
97.2051
151.509
17.7322
18.0864
18.4563
18.929
19.7087
20.9374
355.407
868.842
16.0879
36.0136
74.7358
107.076
120.644
163.412
216.878
348.557
13.3317
14.6596
16.5764
64.6216
86.7851
135.941
193.158
279.626
14.4754
15.0514
15.8439
16.6127
17.8309
18.2218
19.9679
22.0413
28.3289
14.409
14.6406
14.9434
15.715
16.5464
20.2821
41.4197
110.503
152.724
208.371
16.3853
17.1382
18.0195
18.6495
20.2199
21.6434
29.792
48.151
17.7337
18.0506
18.4714
18.7405
19.0406
19.7821
20.6962
876.554
16.3614
26.7978
60.8474
90.5614
165.335
202.439
259.788
323.78
13.2422
14.64
15.0873
38.5451
62.8157
103.941
138.371
174.203
14.4754
15.0514
15.8439
16.6127
17.8309
18.2218
19.9679
22.0413
28.3289
62.3869
138.71
14.409
14.6406
14.9434
15.715
16.5464
20.2821
41.4197
110.503
152.724
208.371
16.3853
17.1382
18.0195
18.6495
20.2199
21.6434
29.792
48.151
106.091
189.216
17.7337
18.0506
18.4714
18.7405
19.0406
19.7821
20.6962
876.554
16.3614
26.7978
60.8474
90.5614
165.335
202.439
259.788
323.78
13.2422
14.64
15.0873
38.5451
62.8157
103.941
138.371
174.203
14.4517
14.987
15.8476
16.6192
18.0638
19.0641
19.1364
22.1829
24.3696
53.401
143.636
14.3626
14.9477
15.595
15.9318
18.3636
29.3362
51.0608
98.0752
159.209
212.428
16.2889
17.1139
18.943
18.4847
20.2005
22.8287
26.1037
46.5155
91.7311
196.032
17.7048
18.0363
18.473
18.6287
19.096
19.5946
24.4562
533.048
17.5856
40.128
86.1477
98.5875
178.357
198.692
280.328
319.956
13.2576
14.3403
17.4111
46.333
54.8457
82.123
110.938
175.777
14.531
15.1084
15.7512
16.34
17.8403
18.2872
19.6843
22.0534
28.1151
46.2706
180.097
14.5114
14.441
14.8866
15.154
16.8619
18.0579
43.6256
117.056
133.683
221.974
16.0574
16.5424
17.3933
17.6956
18.9396
20.1324
23.8803
26.2044
49.5479
103.616
17.6815
17.9857
18.4382
18.7175
19.0091
19.9276
22.6218
411.342
15.4728
30.9595
74.5073
112.161
140.658
210.204
245.286
340.623
13.337
14.4946
17.217
53.24
82.761
72.4822
128.188
174.253
14.5885
14.9977
15.6229
16.4206
17.7585
18.5003
19.1002
21.476
24.8835
43.5768
161.33
14.4
14.5659
15.0465
15.9799
17.7028
18.4834
35.7206
87.3497
148.92
191.995
16.1389
16.7832
17.4538
17.9938
19.0865
19.9183
22.0308
25.3323
80.7013
125.946
17.7203
18.0423
18.4282
18.6587
19.1022
19.8996
317.805
462.627
17.027
36.4262
65.0412
95.6368
141.23
198.482
232.88
321.076
13.2613
14.1519
16.447
56.644
71.5036
99.6307
116.315
168.239
14.815
15.1877
16.191
16.9879
18.7417
19.6711
22.5146
22.5322
59.836
100.429
284.244
14.3919
14.611
15.274
15.7645
16.7611
20.1568
29.8037
99.7422
224.638
332.768
17.7599
21.2536
50.2082
96.164
125.603
167.67
246.799
290.008
389.999
425.149
17.9971
18.5356
19.1557
19.7016
20.2933
23.9991
737.45
1083.46
15.253
28.39
42.3354
85.1347
120.863
212.573
277.357
356.592
13.5469
14.4492
15.7835
35.9708
50.9755
74.1966
172.564
237.304
14.6184
15.2608
15.5648
16.9031
17.7059
18.9532
20.5387
22.7063
26.3774
62.6853
134.782
14.2125
14.3638
15.1063
15.2974
15.5721
17.0622
19.287
76.0371
132.757
200.385
16.4206
16.7879
18.1633
18.6553
19.1556
20.2094
25.0722
47.1993
111.27
175.367
17.8868
18.3631
18.7924
19.3204
21.5208
271.468
600.346
1140.56
15.4209
18.5766
28.2872
43.4589
131.66
171.957
245.032
291.364
12.9638
13.9276
14.6092
16.916
21.6617
59.0142
106.954
147.58
14.4759
15.0022
15.6973
16.5724
17.8536
18.7406
20.9212
22.7515
33.9238
56.9133
203.096
14.2566
14.6235
15.1087
15.828
17.054
26.4657
60.0039
96.6049
164.951
242.897
16.2912
17.4985
18.9575
23.5488
47.8199
49.9604
97.2051
151.509
185.195
281.901
17.7322
18.0864
18.4563
18.929
19.7087
20.9374
355.407
868.842
16.0879
36.0136
74.7358
107.076
120.644
163.412
216.878
348.557
13.3317
14.6596
16.5764
64.6216
86.7851
135.941
193.158
279.626
17.7963
18.8093
21.5634
61.8709
556.792
842.148
1191.71
17.7963
18.2687
18.8093
20.1497
21.5634
29.3613
61.8709
16.8137
17.4294
18.1762
19.4365
20.5404
25.5884
35.0311
48.9777
75.4703
102.232
17.7963
18.2687
18.8093
20.1497
21.5634
29.3613
17.7963
18.2687
18.8093
20.1497
21.5634
29.3613
61.8709
254.238
556.792
18.1762
19.4365
20.5404
25.5884
35.0311
48.9777
17.7963
18.2687
18.8093
20.1497
21.5634
29.3613
61.8709
254.238
556.792
18.1762
19.4365
20.5404
25.5884
35.0311
48.9777
75.4703
102.232
120.245
190.638
17.4206
18.0201
18.6131
19.256
19.8157
20.9329
24.5963
106.011
582.209
17.8034
18.3333
19.3662
19.6446
22.2744
22.8488
28.7618
39.4903
66.6257
125.251
17.9464
18.4743
19.2516
19.9034
23.1656
44.9905
128.652
363.598
639.221
38.9771
78.8386
104.655
148.6
229.14
260.49
339.894
391.059
453.427
525.895
17.5612
18.0094
18.505
19.1131
20.2742
21.6869
26.0854
70.0724
367.547
17.7407
18.0664
18.804
19.2182
20.036
21.9969
23.5099
32.5232
56.0991
103.612
17.7584
18.1352
18.6535
19.0385
20.3326
21.4374
24.3163
80.3923
427.683
18.3215
18.9147
20.1165
22.2894
23.7444
49.5483
89.9807
130.147
214.621
298.398
17.7823
18.2675
18.6262
19.3884
20.2473
20.9567
26.2746
53.0421
387.181
18.3132
19.1175
20.4469
21.2544
24.4874
40.925
75.9061
118.862
226.896
326.979
17.7823
18.2675
18.6262
19.3884
20.2473
20.9567
26.2746
53.0421
387.181
18.3132
19.1175
20.4469
21.2544
24.4874
40.925
75.9061
118.862
226.896
326.979
17.7823
18.2675
18.6262
19.3884
20.2473
20.9567
26.2746
53.0421
387.181
18.3132
19.1175
20.4469
21.2544
24.4874
17.5431
18.2667
18.4085
19.2846
19.7449
20.9795
26.8557
49.0235
416.949
17.5135
18.0353
18.2841
19.2188
19.8296
21.1604
22.5468
32.1968
32.9324
55.5327
20.0598
20.6439
21.5392
22.8647
555.019
1664.03
2442.45
3125.93
20.0598
20.6439
21.5392
22.8647
20.0598
20.6439
21.5392
22.8647
555.019
1664.03
2442.45
20.0598
20.6439
21.5392
22.8647
24.3498
148.871
832.846
555.019
1376.14
20.0598
20.6439
21.5392
22.8647
673.965
23.5029
246.83
195.856
555.019
20.0598
20.6439
21.5392
22.8647
24.3498
148.871
832.846
555.019
20.0598
20.6439
21.5392
22.8647
148.871
555.019
22.3385
17.1385
20.6753
25.8068
887.777
1094.91
1681.78
1379.24
22.543
22.8809
23.4577
24.2343
25.422
5990.06
9288.92
7069.41
7556.29
8084.55
8313.61
8560.99
13.1791
13.6345
14.6528
15.0735
16.2858
27.6931
44.4459
142.138
12.6758
13.3935
13.4724
15.8772
45.3128
73.8017
117.684
148.693
13.6786
13.8982
14.035
14.4096
14.6611
15.2846
16.1514
23.5431
66.186
129.487
16.6979
16.8135
16.9486
17.1265
17.5451
205.549
574.222
13.6697
14.6897
37.1297
36.7656
78.0085
105.709
127.961
152.796
14.9513
46.8319
77.3264
96.7333
104.316
125.321
114.568
170.138
13.3175
13.68
14.3944
14.9681
16.1917
19.442
47.5806
173.111
12.7714
13.3054
16.017
30.9352
41.8023
94.4427
121.123
156.549
13.6903
13.8241
13.9591
14.2743
14.8959
15.0182
17.635
21.4908
80.3087
249.329
16.7419
16.8509
17.009
17.2201
17.7257
139.728
612.29
14.4598
15.541
36.4952
47.3538
89.4644
80.3475
124.973
142.774
38.952
44.1169
72.7524
91.7779
89.2106
109.828
135.486
165.909
13.2696
13.7634
14.2896
15.2389
17.6579
21.0927
46.3026
194.13
12.6854
13.7499
14.1591
27.7903
41.7033
100.352
119.024
154.397
13.7036
13.8284
14.0824
14.3058
14.8947
15.3384
16.1652
19.959
51.0845
119.02
16.7078
16.8014
16.9598
17.0948
17.566
159.405
284.535
13.1778
15.6831
17.528
45.5276
61.0344
98.6279
130.223
162.35
14.6801
32.9685
80.5457
90.8762
113.759
120.673
143.764
159.326
13.2696
13.7634
14.2896
15.2389
17.6579
21.0927
46.3026
194.13
12.7365
12.9593
13.5262
16.9964
54.8834
65.3938
129.232
164.31
13.7036
13.8285
14.0273
14.4375
14.9052
15.216
16.5013
19.5153
77.8074
128.751
16.7078
16.8014
16.9598
17.0948
17.4701
18.3635
404.977
13.1778
15.6831
17.528
47.4426
78.6963
107.804
133.561
154.849
14.6801
45.3936
79.8868
91.1809
102.805
118.258
141.464
161.016
13.1556
13.5036
14.7814
15.5529
15.8183
22.3777
60.7522
146.434
12.7894
13.2509
14.0858
28.4156
54.6987
91.7341
114.433
148.229
13.6558
13.8572
13.9974
14.4545
14.773
15.0934
16.0052
26.7856
54.8333
159.264
16.7199
16.8211
16.9808
17.1592
17.5955
20.9326
637.475
12.6102
13.7346
17.7885
43.3147
51.5984
99.8196
102.72
150.233
23.0948
40.5026
71.2271
92.2914
97.1313
111.46
126.643
174.52
68.1063
68.1063
10.5674
13.2092
13.5733
14.5039
15.0603
18.0604
28.0794
76.197
163.96
12.8304
13.58
21.4749
46.6171
74.0876
83.6746
122.52
171.216
13.7885
13.9012
14.217
14.5611
15.3885
15.5581
29.275
68.1063
135.507
181.45
16.7684
16.8803
17.1477
17.3124
17.7105
18.6812
666.466
13.1287
14.5078
29.7411
38.3896
66.313
87.5243
120.376
148.894
11.3585
14.8405
43.337
60.5197
85.4027
97.4249
151.388
170.32
13.2092
13.5733
14.5039
15.0603
18.0604
28.0794
76.197
163.96
12.8304
13.58
21.4749
46.6171
74.0876
83.6746
122.52
171.216
13.7885
13.9012
14.217
14.5611
15.3885
15.5581
29.275
68.1063
135.507
181.45
16.7684
16.8803
17.1477
17.3124
17.7105
18.6812
666.466
13.1287
14.5078
29.7411
38.3896
66.313
87.5243
120.376
148.894
11.3585
14.8405
43.337
60.5197
85.4027
97.4249
151.388
170.32
10.5674
12.611
12.611
13.2092
13.5733
14.5039
15.0603
18.0604
28.0794
76.197
163.96
12.8304
13.58
21.4749
46.6171
74.0876
83.6746
122.52
171.216
13.7885
13.9012
14.217
14.5611
15.3885
15.5581
29.275
68.1063
135.507
181.45
16.7684
16.8803
17.1477
17.3124
17.7105
18.6812
666.466
13.1287
14.5078
29.7411
38.3896
66.313
87.5243
120.376
148.894
11.3585
14.8405
43.337
60.5197
85.4027
97.4249
151.388
170.32
12.611
13.2092
15.0603
15.0603
60.5197
64.2082
13.2446
13.5044
14.4372
15.2806
16.7847
19.0303
55.6804
170.204
12.6788
13.6126
14.4777
22.35
46.4024
96.0896
126.491
157.713
13.7542
13.9362
14.1412
14.3496
15.2527
15.3508
17.6611
26.9728
89.0567
13.6731
14.3926
15.9703
16.5195
19.1908
82.4474
201.688
307.461
13.3178
13.6401
14.4669
13.6731
14.3926
15.9703
16.5195
19.1908
82.4474
201.688
307.461
13.3178
13.6401
14.4669
19.1994
79.0246
123.172
221.214
319.063
16.135
28.4562
13.2964
13.5456
14.2401
14.6918
15.0639
16.7625
28.2309
142.009
12.6871
12.8545
13.5132
13.9913
49.769
101.801
13.2137
13.5158
14.2082
14.8248
15.3364
19.4006
31.9543
135.751
12.607
12.9738
13.7194
15.7492
13.2097
13.5505
14.2562
14.5923
15.6161
17.4228
38.4611
97.5982
12.5734
13.52
14.1349
16.3939
30.1155
60.4052
118.547
148.46
13.7967
14.0714
14.1511
14.9614
15.3305
15.9736
23.7158
65.7315
158.316
223.057
16.6952
16.7627
16.9951
17.1944
17.6627
174.679
671.499
13.297
13.0038
21.8581
36.3445
38.1648
71.6102
102.366
137.541
12.8284
24.2976
53.2596
63.7921
86.0953
108.972
114.913
155.815
13.201
13.6048
14.3964
14.6055
15.5157
18.1232
21.7639
116.483
12.6871
12.8545
13.5132
13.9677
50.9832
90.8825
127.692
159.593
13.8288
14.0784
14.3131
14.7598
16.1025
17.3179
20.6148
61.9873
155.923
289.068
16.715
16.8057
17.001
17.2155
17.7464
18.0712
611.734
12.4707
13.3735
18.0818
22.2205
36.7447
69.3198
114.409
137.02
11.2261
31.2471
38.1311
53.9558
68.0668
78.5723
112.953
134.22
500.201
1066.05
1641.07
2217.59
2778.79
14.4754
15.0514
15.899
16.5257
18.0985
18.2609
19.8069
20.9183
27.5482
49.2705
109.356
14.4661
14.8019
15.0841
15.5524
16.1838
16.8307
40.8121
81.141
133.968
223.823
16.3853
17.1382
18.1051
18.6424
19.2971
22.1072
23.1861
46.4269
99.9565
164.889
17.7337
18.0506
18.4714
18.752
18.9679
20.15
21.2836
821.302
16.0492
28.1102
44.1051
86.6842
156.963
174.402
262.107
318.936
13.2422
14.64
15.0873
33.9879
55.3566
86.7023
128.939
174.741
14.5306
15.1421
15.7617
16.7614
18.2514
18.8194
18.9963
21.8419
23.8395
34.0898
98.5835
14.2346
14.5237
15.0238
15.6249
17.9358
18.8075
29.9459
97.2359
113.85
213.716
16.2285
16.6447
18.0602
18.6845
19.1939
20.7527
31.8437
58.7365
105.07
183.501
17.7048
18.088
18.4036
18.6097
18.8783
20.7417
74.5347
894
15.5007
20.387
78.6442
85.0941
174.026
192.887
232.395
315.543
13.3012
14.2182
20.2178
45.2093
69.1472
89.8581
142.017
172.367
17.519
18.1002
18.6902
19.4364
20.2579
21.0685
24.2986
51.9373
392.608
18.1468
18.6801
19.5286
20.5312
24.7599
37.3724
66.0914
117.154
187.186
296.342
17.7617
18.1942
18.762
19.2084
20.1274
21.5333
24.8953
66.7591
291.341
18.3918
19.2879
20.0838
21.6981
23.4023
29.6185
73.3555
160.091
233.729
324.77
3112.87
3112.87
3112.87
3112.87
2235.35
2235.35
17.7298
17.7298
17.7298
22.865
17.2567
19.6291
19.6291
28.4119
319.549
646.496
29.8631
29.8631
29.8955
30.3035
41.3499
23.6085
29.101
35.9761
1125.12
990.979
25.925
26.3461
26.9564
28.7004
30.0537
31.7465
32.5037
37.6675
38.3378
30.7814
34.04
36.7274
45.8557
51.5742
26.9564
28.7004
30.0537
31.7465
32.5037
37.6675
38.3378
114.589
718.514
30.7814
34.04
36.7274
45.8557
51.5742
27.1318
28.0944
28.9944
31.0337
32.1193
36.4681
45.9
172.815
394.52
29.5068
32.0386
35.3661
40.3777
44.399
48.5978
2306.24
25.8284
26.8815
27.4957
28.8856
32.0939
33.0548
54.2388
791.651
438.117
25.9945
27.583
29.2399
31.8439
33.6595
37.4805
38.4829
26.2942
26.6562
27.9826
29.2037
30.8652
33.2631
52.2029
418.78
1110.59
26.1884
27.5837
28.8787
31.107
32.3873
36.4161
37.8435
25.3486
26.3523
28.0345
28.8185
30.8885
35.2637
50.7792
421.692
614.039
26.4182
27.2198
28.9461
30.7591
33.1554
34.4422
39.0245
32.7826
34.4799
53.343
91.6265
500.715
1048.63
32.5595
35.1684
39.3443
47.6192
57.2127
4361.75
29.101
31.0805
32.3693
34.3995
35.9761
44.7096
296.886
503.689
1125.12
30.2915
33.0133
36.5647
41.8214
44.012
48.3638
55.1758
25.3619
30.7121
30.0428
33.6093
39.3502
43.4481
440.407
202.652
1343.79
25.0527
26.3136
28.0337
30.9335
32.7447
35.9045
43.5505
48.4601
54.1172
47.0907
41.7969
17.8457
18.0987
18.8011
19.0856
19.7527
20.5049
21.397
21.8543
22.7921
19.053
19.5811
20.6675
21.3402
22.4356
23.0033
26.9656
27.3279
47.3547
114.809
18.8011
19.0856
19.7527
20.5049
21.397
21.8543
22.7921
26.023
26.9646
19.053
19.5811
20.6675
21.3402
22.4356
177.56
19.7527
20.5049
21.397
21.8543
22.7921
26.023
26.9646
29.4702
38.6574
177.56
19.053
19.7038
20.2575
20.9152
22.2404
22.8828
24.1026
26.8394
30.6113
61.5718
191.426
18.7631
19.4042
19.8803
20.9821
21.8175
22.9251
24.4501
31.0275
41.7327
116.323
19.2605
19.9083
20.5878
21.414
22.14
24.5134
25.8004
30.1678
158.087
342.957
17.5565
18.0394
18.2995
18.626
19.4528
19.8586
20.6325
21.2129
22.1764
22.8637
19.1368
20.0003
20.7583
21.1731
22.4698
24.7054
26.1986
27.6661
84.4591
305.207
17.525
17.77
18.3031
19.1009
18.9408
19.8545
20.2672
20.8429
21.4764
22.3191
20.4153
21.0782
22.9278
23.9087
28.1665
31.5549
167.19
282.319
20.1528
21.3054
22.202
25.5735
33.8856
72.3404
276.096
408.594
600.775
829.991
27.8983
64.3089
111.592
233.663
277.66
351.782
456.662
514.175
568.962
684.255
20.1528
21.3054
22.202
25.5735
33.8856
72.3404
276.096
408.594
600.775
829.991
27.8983
64.3089
111.592
19.0436
19.3372
20.5869
21.4791
22.6791
24.438
27.901
125.024
373.236
609.633
17.3895
17.9514
18.3484
18.3955
19.1673
19.511
20.0822
21.3731
22.9466
23.3237
19.2634
20.1822
21.1314
21.8422
22.2984
25.0477
27.6498
68.6838
352.536
451.059
18.4492
18.763
19.5779
20.3757
20.6833
22.5031
23.6779
33.4893
64.6175
138.216
20.1528
21.3054
22.202
25.5735
33.8856
72.3404
276.096
408.594
600.775
829.991
27.8983
64.3089
111.592
233.663
277.66
351.782
456.662
514.175
568.962
684.255
19.4515
20.0826
20.9288
21.4054
22.8957
25.6542
29.253
149.274
414.369
576.035
18.0483
18.3983
19.1018
19.9465
20.4863
21.4231
23.971
27.4428
27.7949
53.3098
19.6396
20.3055
21.4419
23.4519
26.9933
34.5592
124.897
297.466
486.698
703.79
17.3856
17.8863
18.3893
19.1419
19.6935
21.3045
21.3181
32.5765
39.7455
57.2697
19.2854
20.1868
21.4381
22.7128
24.7978
30.0551
33.4391
83.1776
241.52
491.179
17.3621
17.7157
18.4219
19.053
19.6984
20.2744
23.1389
22.892
26.2103
31.9772
19.6953
20.4476
21.3507
22.312
23.0776
24.6504
27.3027
30.6626
121.33
347.332
18.1423
18.9831
19.9003
21.5167
22.5055
25.1452
36.7104
53.5502
98.188
117.746
20.4153
21.0782
22.9278
23.9087
28.1665
31.5549
167.19
282.319
507.49
555.033
38.0712
85.1643
209.186
316.279
460.393
596.162
688.417
810.364
895.168
926.37
40.5609
58.9504
70.5087
107.661
166.576
225.42
25.5915
39.8005
37.9377
44.8884
99.459
13.2097
13.5505
14.2562
14.5923
15.6161
17.4228
38.4611
97.5982
12.5734
13.52
14.1349
16.3939
30.1155
60.4052
118.547
148.46
13.7967
14.0714
14.1511
14.9614
15.3305
15.9736
23.7158
65.7315
158.316
223.057
16.6952
16.7627
16.9951
17.1944
17.6627
174.679
671.499
13.297
13.0038
21.8581
36.3445
38.1648
71.6102
102.366
137.541
12.8284
24.2976
53.2596
63.7921
86.0953
108.972
114.913
155.815
13.201
13.6048
14.3964
14.6055
15.5157
18.1232
21.7639
116.483
12.6871
12.8545
13.5132
13.9677
50.9832
90.8825
127.692
159.593
13.8288
14.0784
14.3131
14.7598
16.1025
17.3179
20.6148
61.9873
155.923
289.068
16.715
16.8057
17.001
17.2155
17.7464
18.0712
611.734
12.4707
13.3735
18.0818
22.2205
36.7447
69.3198
114.409
137.02
11.2261
31.2471
38.1311
53.9558
68.0668
78.5723
112.953
134.22
13.3641
13.3641
13.4147
13.9994
15.0499
15.3231
18.1191
43.5405
133.057
201.509
13.8971
16.0511
27.8091
39.9165
75.1782
102.982
168.332
216.989
14.1467
14.4994
21.2038
36.6321
63.8491
104.758
124.011
181.686
244.528
281.32
16.9839
17.1802
17.498
18.1347
245.577
651.465
950.924
13.0387
13.9535
24.1619
34.0186
51.399
84.7721
108.46
133.523
11.8614
30.1613
72.0747
80.9809
140.964
166.876
207.874
272.972
13.4147
13.9994
15.0499
15.3231
18.1191
43.5405
133.057
201.509
13.8971
16.0511
27.8091
39.9165
75.1782
102.982
168.332
216.989
14.1467
14.4994
21.2038
36.6321
63.8491
104.758
124.011
181.686
244.528
281.32
16.9839
13.4147
15.0499
43.5405
133.057
201.509
13.8971
27.8091
75.1782
102.982
168.332
14.1467
36.6321
181.686
244.528
281.32
16.9839
17.498
245.577
651.465
950.924
13.0387
34.0186
84.7721
108.46
133.523
11.8614
72.0747
166.876
207.874
272.972
13.3195
14.565
21.3491
47.0568
187.387
12.5098
13.0973
22.3403
84.1208
94.9971
13.8964
14.8973
107.55
175.827
247.846
17.0772
18.001
546.408
917.446
1346.19
12.4015
13.7568
39.9443
63.2095
108.325
10.8799
12.3061
71.759
134.211
167.869
13.4147
15.0499
43.5405
133.057
201.509
13.8971
27.8091
75.1782
102.982
168.332
14.1467
36.6321
181.686
244.528
281.32
16.9839
17.498
245.577
651.465
950.924
13.0387
34.0186
84.7721
108.46
133.523
11.8614
72.0747
166.876
207.874
272.972
13.6731
15.9703
82.4474
201.688
307.461
13.3178
14.4669
79.0246
123.172
221.214
16.135
116.832
279.982
324.571
443.377
17.1805
17.723
397.941
820.535
1369.5
12.6326
36.9239
76.357
135.879
141.211
11.2637
15.3269
106.185
148.886
209.819
13.2446
14.4372
19.0303
55.6804
170.204
12.6788
14.4777
46.4024
96.0896
126.491
13.7542
14.3496
26.9728
89.0567
229.725
16.7357
17.0199
17.5173
18.6442
380.321
12.7471
41.01
102.246
118.729
149.185
12.4535
45.4906
101.672
126.04
161.683
13.201
14.3964
18.1232
21.7639
116.483
12.6871
13.5132
50.9832
90.8825
127.692
13.8288
14.7598
61.9873
155.923
289.068
16.715
17.001
17.7464
18.0712
611.734
12.4707
22.2205
69.3198
114.409
137.02
11.2261
38.1311
78.5723
112.953
134.22
13.201
14.3964
18.1232
21.7639
116.483
12.6871
13.5132
50.9832
90.8825
127.692
13.8288
14.7598
61.9873
155.923
289.068
16.715
17.001
17.7464
18.0712
611.734
12.4707
22.2205
69.3198
114.409
137.02
11.2261
38.1311
78.5723
112.953
134.22
13.201
14.3964
18.1232
21.7639
116.483
12.6871
13.5132
50.9832
90.8825
127.692
13.8288
14.7598
61.9873
155.923
289.068
16.715
17.001
17.7464
18.0712
611.734
12.4707
22.2205
69.3198
114.409
137.02
11.2261
38.1311
78.5723
112.953
134.22
13.2446
14.4372
19.0303
55.6804
170.204
12.6788
14.4777
46.4024
96.0896
126.491
13.7542
14.3496
26.9728
89.0567
229.725
16.7357
17.0199
17.5173
18.6442
380.321
12.7471
41.01
102.246
118.729
149.185
12.4535
45.4906
101.672
126.04
161.683
13.6731
15.9703
82.4474
201.688
307.461
13.3178
14.4669
79.0246
123.172
221.214
16.135
116.832
279.982
324.571
443.377
17.1805
17.723
397.941
820.535
1369.5
12.6326
36.9239
76.357
135.879
141.211
11.2637
15.3269
106.185
148.886
209.819
13.3195
14.565
21.3491
47.0568
187.387
12.5098
13.0973
22.3403
84.1208
94.9971
13.8964
14.8973
107.55
175.827
247.846
17.0772
18.001
546.408
917.446
1346.19
12.4015
13.7568
39.9443
63.2095
108.325
10.8799
12.3061
71.759
134.211
167.869
13.4147
15.0499
43.5405
133.057
201.509
13.8971
27.8091
75.1782
102.982
168.332
14.1467
36.6321
181.686
244.528
281.32
16.9839
17.498
245.577
651.465
950.924
13.0387
34.0186
84.7721
108.46
133.523
11.8614
72.0747
166.876
207.874
272.972
13.4147
15.0499
43.5405
133.057
201.509
13.8971
27.8091
75.1782
102.982
168.332
14.1467
36.6321
181.686
244.528
281.32
16.9839
17.498
245.577
651.465
950.924
13.0387
34.0186
84.7721
108.46
133.523
11.8614
72.0747
166.876
207.874
272.972
13.3195
14.565
21.3491
47.0568
187.387
12.5098
13.0973
22.3403
84.1208
94.9971
13.8964
14.8973
107.55
175.827
247.846
17.0772
18.001
546.408
917.446
1346.19
12.4015
13.7568
39.9443
63.2095
108.325
10.8799
12.3061
71.759
134.211
167.869
13.6731
15.9703
82.4474
201.688
307.461
13.3178
14.4669
79.0246
123.172
221.214
16.135
116.832
279.982
324.571
443.377
17.1805
17.723
397.941
820.535
1369.5
12.6326
36.9239
76.357
135.879
141.211
11.2637
15.3269
106.185
148.886
209.819
13.2446
14.4372
19.0303
55.6804
170.204
12.6788
14.4777
46.4024
96.0896
126.491
13.7542
14.3496
26.9728
89.0567
229.725
16.7357
17.0199
17.5173
18.6442
380.321
12.7471
41.01
102.246
118.729
149.185
12.4535
45.4906
101.672
126.04
161.683
13.201
14.3964
18.1232
21.7639
116.483
12.6871
13.5132
50.9832
90.8825
127.692
13.8288
14.7598
61.9873
155.923
289.068
16.715
17.001
17.7464
18.0712
611.734
12.4707
22.2205
69.3198
114.409
137.02
11.2261
38.1311
78.5723
112.953
134.22
13.201
14.3964
18.1232
21.7639
116.483
12.6871
13.5132
50.9832
90.8825
127.692
13.8288
14.7598
61.9873
155.923
289.068
16.715
17.001
17.7464
18.0712
611.734
12.4707
22.2205
69.3198
114.409
137.02
11.2261
38.1311
78.5723
112.953
134.22
13.3195
14.565
21.3491
47.0568
187.387
12.5098
13.0973
22.3403
84.1208
94.9971
13.8964
14.8973
107.55
175.827
247.846
17.0772
18.001
546.408
917.446
1346.19
12.4015
13.7568
39.9443
63.2095
108.325
10.8799
12.3061
71.759
134.211
167.869
13.6731
15.9703
82.4474
201.688
307.461
13.3178
14.4669
79.0246
123.172
221.214
16.135
116.832
279.982
324.571
443.377
17.1805
17.723
397.941
820.535
1369.5
12.6326
36.9239
76.357
135.879
141.211
11.2637
15.3269
106.185
148.886
209.819
13.2446
14.4372
19.0303
55.6804
170.204
12.6788
14.4777
46.4024
96.0896
126.491
13.7542
14.3496
26.9728
89.0567
229.725
16.7357
17.0199
17.5173
18.6442
380.321
12.7471
41.01
102.246
118.729
149.185
12.4535
45.4906
101.672
126.04
161.683
13.201
14.3964
18.1232
21.7639
116.483
12.6871
13.5132
50.9832
90.8825
127.692
13.8288
14.7598
61.9873
155.923
289.068
16.715
17.001
17.7464
18.0712
611.734
12.4707
22.2205
69.3198
114.409
137.02
11.2261
38.1311
78.5723
112.953
134.22
14.1158
14.1158
289.068
229.725
229.725
229.725
13.201
14.3964
18.1232
21.7639
116.483
12.6871
13.5132
50.9832
90.8825
127.692
13.8288
14.7598
61.9873
155.923
289.068
16.715
17.001
17.7464
18.0712
611.734
12.4707
22.2205
69.3198
114.409
137.02
11.2261
38.1311
78.5723
112.953
134.22
13.201
14.3964
18.1232
13.2446
14.4372
19.0303
55.6804
170.204
12.6788
14.4777
46.4024
96.0896
126.491
13.7542
14.3496
26.9728
89.0567
229.725
16.7357
17.0199
17.5173
18.6442
380.321
12.7471
41.01
102.246
118.729
149.185
12.4535
45.4906
101.672
126.04
161.683
13.6731
15.9703
82.4474
201.688
307.461
13.3178
14.4669
79.0246
123.172
221.214
16.135
116.832
279.982
324.571
443.377
17.1805
17.723
397.941
820.535
1369.5
12.6326
36.9239
76.357
135.879
141.211
11.2637
15.3269
106.185
148.886
209.819
13.3195
14.565
21.3491
47.0568
187.387
12.5098
13.0973
22.3403
84.1208
94.9971
13.8964
14.8973
107.55
175.827
247.846
17.0772
18.001
546.408
917.446
1346.19
12.4015
13.7568
39.9443
63.2095
108.325
10.8799
12.3061
71.759
134.211
167.869
13.4147
15.0499
43.5405
133.057
201.509
13.8971
27.8091
75.1782
102.982
168.332
14.1467
36.6321
181.686
244.528
281.32
16.9839
17.498
245.577
651.465
950.924
13.0387
34.0186
84.7721
108.46
133.523
11.8614
72.0747
166.876
207.874
272.972
14.4759
17.8536
33.9238
56.9133
203.096
14.6235
17.054
96.6049
164.951
242.897
16.2912
47.8199
151.509
185.195
281.901
17.7322
18.929
20.9374
355.407
868.842
16.0879
36.0136
74.7358
107.076
120.644
13.3317
16.5764
86.7851
135.941
193.158
14.6184
17.7059
26.3774
62.6853
134.782
14.3638
15.5721
76.0371
132.757
200.385
16.4206
19.1556
47.1993
111.27
175.367
17.8868
19.3204
271.468
600.346
1140.56
15.4209
18.5766
28.2872
43.4589
131.66
12.9638
14.6092
21.6617
59.0142
106.954
14.815
18.7417
59.836
100.429
284.244
14.611
16.7611
99.7422
224.638
332.768
17.7599
125.603
290.008
389.999
425.149
17.9971
19.7016
23.9991
737.45
1083.46
15.253
28.39
42.3354
85.1347
120.863
13.5469
15.7835
50.9755
74.1966
172.564
14.5885
17.7585
24.8835
43.5768
161.33
14.5659
17.7028
87.3497
148.92
191.995
16.1389
19.0865
25.3323
80.7013
125.946
17.7203
18.6587
19.8996
317.805
462.627
17.027
36.4262
65.0412
95.6368
141.23
13.2613
16.447
71.5036
99.6307
116.315
14.4754
18.0985
27.5482
49.2705
109.356
14.8019
16.1838
81.141
133.968
223.823
16.3853
19.2971
46.4269
99.9565
164.889
17.7337
18.752
20.15
21.2836
821.302
16.0492
28.1102
44.1051
86.6842
156.963
13.2422
15.0873
55.3566
86.7023
128.939
18.1051
18.1051
22.1072
19.9183
80.7013
99.9565
105.07
58.7365
17.4538
25.3323
305.362
382.696
58.7365
18.0602
18.9575
151.509
477.701
14.0962
18.9575
477.701
477.701
15.6973
16.5724
17.8536
18.7406
20.9212
22.7515
33.9238
56.9133
203.096
15.1087
15.828
17.054
26.4657
60.0039
96.6049
164.951
16.2912
17.4985
18.9575
23.5488
47.8199
49.9604
97.2051
151.509
185.195
281.901
18.0864
18.4563
18.929
19.7087
20.9374
355.407
868.842
16.0879
36.0136
74.7358
107.076
120.644
13.3317
14.6596
16.5764
64.6216
86.7851
135.941
193.158
279.626
16.191
16.9879
18.7417
19.6711
22.5146
22.5322
59.836
100.429
284.244
15.274
15.7645
16.7611
20.1568
29.8037
99.7422
224.638
17.7599
21.2536
50.2082
96.164
125.603
167.67
246.799
290.008
389.999
425.149
18.5356
19.1557
19.7016
20.2933
23.9991
737.45
1083.46
15.253
28.39
42.3354
85.1347
120.863
13.5469
14.4492
15.7835
35.9708
50.9755
74.1966
172.564
237.304
15.6659
16.6694
17.8095
18.2367
19.5701
21.3295
25.2019
44.7252
109.029
15.0283
15.8203
16.3379
17.6855
49.4249
64.6384
134.742
16.1293
16.7143
17.704
18.1868
19.2317
20.3707
22.5473
32.9293
81.7266
132.064
18.0908
18.4787
18.7872
19.3596
20.007
21.4033
606.67
15.4588
19.2144
36.626
77.3005
107.332
13.1182
13.5116
14.7001
19.7729
27.3748
70.5229
83.9048
135.918
15.8295
16.7316
18.6065
19.9955
20.4616
25.3901
32.2182
60.5758
243.265
15.3818
17.2193
19.2715
34.9784
85.6673
190.606
299.635
17.0938
17.8863
20.0856
23.9392
49.74
97.0156
131.691
228.123
253.33
396.49
18.6559
19.2578
19.9087
21.9056
225.229
630.929
1061.24
16.5769
18.4704
25.1207
91.389
170.069
25.5987
63.7424
135.251
220.171
297.079
323.453
417.056
532.293
22.8637
19.2605
19.2605
20.5878
22.14
24.5134
25.8004
30.1678
158.087
342.957
18.2995
19.4528
19.8586
20.6325
21.2129
22.1764
22.8637
25.5915
39.8005
37.9377
44.8884
20.9316
23.0352
25.2792
29.943
46.4468
132.491
215.661
525.657
20.0537
21.5985
22.0651
22.8698
24.8019
25.5523
27.0052
39.8142
52.1806
84.5443
124.37
20.9316
23.0352
25.2792
29.943
46.4468
132.491
215.661
525.657
20.0537
21.5985
22.0651
22.8698
24.8019
25.5523
27.0052
39.8142
52.1806
84.5443
124.37
20.9316
23.0352
25.2792
29.943
19.2605
20.5878
22.14
24.5134
25.8004
30.1678
158.087
342.957
18.2995
19.4528
19.8586
20.6325
21.2129
22.1764
22.8637
25.5915
39.8005
37.9377
44.8884
16.7316
18.6065
20.4616
32.2182
60.5758
17.8863
20.0856
49.74
131.691
253.33
23.0352
25.2792
46.4468
132.491
215.661
21.5985
22.8698
25.5523
39.8142
27.0052
27.0052
27.0052
629.716
17.7585
19.1002
43.5768
17.7585
18.5003
19.1002
21.476
24.8835
43.5768
161.33
17.7585
18.5003
19.1002
21.476
24.8835
43.5768
161.33
17.7585
18.5003
19.1002
21.476
24.8835
43.5768
161.33
17.7585
17.7585
18.5003
19.1002
21.476
24.8835
43.5768
161.33
17.7585
18.5003
19.1002
21.476
24.8835
43.5768
161.33
17.7585
18.5003
19.1002
21.476
24.8835
43.5768
161.33
17.7585
18.5003
19.1002
21.476
24.8835
43.5768
161.33
17.7634
18.7771
19.6418
22.255
30.9588
82.347
150.603
17.8529
18.3336
19.6709
23.9884
28.9259
54.5678
185.962
17.7405
18.4109
19.3025
21.9148
26.1636
53.7436
176.687
17.8566
18.5677
20.8717
22.5532
25.0612
71.982
157.401
18.084
18.7547
19.8067
22.8342
34.1939
61.3195
205.035
17.7177
18.788
19.5516
22.1384
32.0782
67.8263
137.216
17.7585
18.5003
19.1002
21.476
24.8835
43.5768
161.33
17.8095
18.7047
19.2594
21.4897
31.3906
81.6349
171.271
17.8095
18.7047
19.2594
21.4897
31.3906
81.6349
171.271
17.8043
18.7051
20.5682
21.9146
32.9288
47.6143
153.44
18.084
18.7547
19.8067
22.8342
34.1939
61.3195
205.035
15.9107
15.8102
17.7646
26.1872
44.289
113.482
146.571
15.0745
15.6021
15.9625
19.6475
44.0224
97.386
177.227
15.0465
15.9799
17.7028
18.4834
35.7206
87.3497
148.92
15.0223
15.8174
17.6408
19.4245
61.7311
77.1568
152.718
14.9742
16.0294
16.7236
19.7722
31.4852
61.3879
125.876
15.0223
15.8174
17.6408
19.4245
61.7311
77.1568
152.718
14.9499
15.4442
16.2947
17.516
51.5208
102.669
137.151
15.0405
16.1246
16.286
18.5267
29.8536
104.243
135.003
15.2037
15.3512
16.8795
33.6956
81.8522
109.173
161.073
17.811
19.1643
19.8017
21.8698
32.4876
60.7772
199.266
17.8419
18.2289
20.4196
22.6807
29.1224
79.6967
155.49
15.1333
15.7134
16.3276
18.91
52.9204
67.4425
141.761
17.9635
18.8882
19.8475
22.613
28.5437
49.0342
150.585
15.0788
16.249
16.7398
25.7584
61.0136
93.3347
136.66
17.7585
18.5003
19.1002
21.476
24.8835
43.5768
161.33
15.0465
15.9799
17.7028
18.4834
35.7206
87.3497
148.92
17.9379
19.0884
19.3435
21.0431
40.0327
77.2621
135.022
15.1603
15.5214
16.3379
33.4664
50.1617
74.824
145.66
17.8908
18.4786
19.5404
22.7626
30.6601
33.6786
156
14.8598
15.3944
16.4702
18.528
25.0209
100.437
133.259
18.0266
18.6827
20.4063
22.4059
33.7167
71.4938
182.194
15.5727
15.1459
17.9494
23.1498
60.1383
107.499
144.82
17.7495
18.6395
18.8159
22.4144
29.39
60.1245
171.587
15.1163
15.6545
16.2383
17.8777
56.2263
67.0364
133.043
17.8753
18.8395
19.0277
21.2343
28.5895
64.7446
180.421
15.459
15.398
18.671
23.0307
42.5205
96.224
141.578
34.0898
37.5292
20.0419
18.9963
23.8395
34.0898
63.9877
18.0761
18.4247
19.9138
23.2266
27.0304
63.9877
150.34
15.4779
15.9877
16.1805
44.3882
87.7381
116.163
146.311
17.6587
19.1528
19.577
20.6441
25.2502
55.2562
171.102
15.9288
15.4598
22.0663
44.107
76.2143
115.744
145.022
17.6916
18.7792
19.8482
24.0402
38.7439
55.6457
225.001
15.4254
17.2468
20.4389
48.7368
70.4393
120.157
139.387
17.8595
18.2495
19.6473
22.4312
32.5838
66.3315
191.483
16.029
16.6122
18.294
40.6802
74.9066
137.415
156.873
18.1043
18.5495
20.4044
22.2146
29.9592
84.8315
177.298
15.1508
16.1678
18.439
56.932
56.5196
157.319
144.345
17.9056
18.9856
19.8887
22.0329
29.9248
36.383
225.019
15.9549
16.0035
20.5325
56.4621
73.1634
121.176
147.993
18.1882
18.4857
19.4478
22.3314
29.2275
78.1298
181.291
15.4952
15.8638
17.7559
40.5173
73.0911
115.78
131.688
17.9056
18.9856
19.8887
22.0329
29.9248
36.383
225.019
15.9549
16.0035
20.5325
56.4621
73.1634
121.176
147.993
18.1043
18.5495
20.4044
22.2146
29.9592
84.8315
177.298
15.1508
16.1678
18.439
56.932
56.5196
157.319
144.345
18.2506
19.4389
19.7664
22.3276
28.0706
78.5013
197.569
15.4935
17.0248
21.6888
32.5808
81.7001
104.988
138.653
17.7386
19.0091
20.3046
21.3678
26.8104
66.9502
166.081
15.707
16.7386
18.8717
34.6878
43.8843
124.497
153.345
17.828
18.5334
19.5747
22.6051
28.055
69.1148
152.516
15.272
16.9166
17.1727
39.0004
49.5876
89.0302
150.708
17.8301
18.5464
19.9624
21.5025
26.3713
54.3733
172.496
14.9992
15.8138
16.7941
20.572
46.2438
62.1363
165.966
18.0169
18.5236
19.9798
20.7172
27.1399
45.3257
151.251
15.2068
16.1085
15.7291
22.7277
29.0909
110.97
183.748
18.012
18.5058
19.4659
22.3564
28.0961
56.2189
147.719
15.0916
15.9575
16.9891
28.3319
75.152
128.162
135.568
17.9492
18.5363
19.5348
21.9939
23.7026
58.3767
159.694
14.7609
15.598
18.2034
18.6786
19.4334
21.3741
28.7809
68.9781
164.516
15.2012
15.9598
16.5833
29.0413
40.1577
98.5894
141.484
18.1157
18.3712
19.0918
21.947
27.3258
43.1378
123.112
14.9968
15.5602
18.0416
17.9782
30.465
77.8742
138.012
17.7458
18.5934
20.0107
21.9989
38.966
58.8583
190.481
15.3026
15.4469
16.3333
27.3655
68.086
113.371
160.153
17.9515
18.5467
19.7442
22.6903
27.2432
37.6389
149.963
15.2785
15.8533
16.6737
17.7786
35.7935
101.284
147.124
18.1503
18.4337
19.6925
21.8329
31.6615
66.2
149.759
15.1807
16.1688
16.9524
23.0171
62.4465
87.6803
153.937
17.9611
18.8471
19.8887
22.0893
26.0359
62.6956
144.851
15.4012
15.7312
21.3585
42.6363
46.9323
94.9986
157.057
17.8465
18.3059
19.2735
21.12
24.3459
36.71
139.803
15.2864
15.506
16.0444
17.6045
36.1617
97.3802
133.345
17.8465
18.3059
19.2735
21.12
24.3459
36.71
139.803
15.2864
15.506
16.0444
17.6045
36.1617
97.3802
133.345
17.9883
19.1612
19.8252
22.1277
28.4341
69.1013
113.735
15.3103
15.6094
16.5113
18.0331
39.035
89.077
149.192
17.9014
18.6016
19.8168
21.3249
23.5886
45.1479
131.864
14.904
15.4495
17.0912
20.7973
28.8839
68.5316
134.286
17.8465
18.3059
19.2735
21.12
24.3459
36.71
139.803
15.2864
15.506
16.0444
17.6045
36.1617
97.3802
133.345
17.7213
18.7594
19.42
21.4131
28.3936
36.5193
131.029
15.0996
15.9037
16.3388
19.2138
38.2731
86.7615
130.702
18.2081
18.7985
19.2541
20.9635
27.7107
43.1225
123.887
15.0029
16.4438
17.1472
17.7814
22.5338
84.56
160.575
17.6735
18.362
19.741
22.6692
25.7903
46.1202
115.497
15.1573
15.6686
17.9474
25.1778
21.6353
82.4435
168.376
17.8997
18.6042
19.967
21.8593
27.2318
44.4863
142.877
14.9983
15.8395
16.362
22.7828
29.1479
62.0503
128.629
17.5398
18.3449
19.4464
22.1649
26.4201
25.9552
118.199
15.5136
15.4919
17.1842
17.2296
39.5535
85.3693
180.369
17.724
18.7717
19.9807
21.6602
25.2796
49.7318
121.811
15.097
15.2633
17.8981
17.9881
31.1837
65.9613
169.299
49.8923
49.8923
14.1126
14.1126
17.7024
18.2874
20.0553
21.7836
26.5337
17.7024
18.2874
20.0553
21.7836
26.5337
49.8923
137.42
15.2695
15.7164
16.4249
17.7024
18.2874
20.0553
21.7836
26.5337
49.8923
9635.07
15.2695
15.7164
16.4249
18.0179
30.8912
15.783
16.6022
17.8293
18.5581
19.2125
22.1372
25.0172
36.3824
132.884
15.1144
15.6673
16.8217
19.1045
23.1131
103.896
134.886
16.3215
16.8372
17.6851
19.2133
19.8017
20.6343
29.8762
89.4239
154.175
205.39
18.123
18.5889
18.7254
19.3053
19.7459
21.7915
426.079
16.1219
27.7361
61.1343
103.15
136.771
13.3448
14.031
17.8973
43.7339
67.4498
74.924
115.729
147.452
15.783
16.6022
17.8293
18.5581
19.2125
22.1372
25.0172
36.3824
132.884
15.1144
15.6673
16.8217
19.1045
23.1131
103.896
134.886
16.3215
16.8372
17.6851
19.2133
19.8017
20.6343
29.8762
89.4239
154.175
205.39
18.123
18.5889
18.7254
19.3053
19.7459
21.7915
426.079
16.1219
27.7361
61.1343
103.15
136.771
13.3448
14.031
17.8973
43.7339
67.4498
74.924
115.729
147.452
15.7886
16.7076
17.8465
18.3059
19.2735
21.12
24.3459
36.71
139.803
15.2864
15.506
16.0444
17.6045
36.1617
97.3802
133.345
16.2837
16.9209
17.9233
18.9015
19.2806
22.1949
49.6184
92.9965
138.84
180.013
18.0901
18.4789
18.7969
19.0042
19.7873
20.9967
659.959
15.3664
22.7639
41.5393
92.4552
158.881
13.2848
13.7937
15.804
54.957
81.0996
82.8938
142.965
161.78
18.0099
19.1612
20.0597
21.9753
26.2892
63.0187
9670.17
15.4018
15.5329
17.2598
18.4205
59.6309
100.141
136.76
17.9273
18.7702
19.483
20.7019
26.6502
39.9213
9675.75
15.0893
15.4133
15.7478
18.2842
28.7649
76.1734
134.522
138.812
17.9273
18.7702
19.483
20.7019
26.6502
39.9213
138.812
15.0893
15.4133
15.7478
18.2842
28.7649
76.1734
134.522
18.1084
18.4481
19.7439
21.4916
25.1982
50.7707
159.497
15.1476
15.3504
17.1573
19.148
25.014
62.2299
117.462
17.8293
18.5581
19.2125
22.1372
25.0172
36.3824
132.884
15.1144
15.6673
16.8217
19.1045
23.1131
103.896
134.886
17.8886
18.8207
19.2855
22.2004
27.6029
41.3088
132.342
14.8252
15.7285
16.1812
17.5309
24.8186
78.4074
129.25
18.0006
18.4002
19.0172
21.2707
25.4987
45.1376
100.174
15.2397
15.5627
16.0029
18.7024
43.3255
85.0315
139.601
17.5007
18.4194
19.9988
21.7618
26.8547
35.2356
100.338
15.0383
16.2718
16.9194
17.9342
40.3603
67.3285
106.202
17.9545
18.4073
19.7277
20.9357
24.9167
36.2733
109.237
15.0567
15.8567
15.9303
17.5508
44.1904
91.162
100.151
17.7703
18.3307
19.6937
21.9233
22.5321
47.0397
117.486
14.976
15.7238
17.1128
21.2179
23.5903
93.9989
138.918
18.0409
18.4767
20.174
21.7441
27.1029
53.9241
130.959
14.8198
16.1796
16.6452
27.7783
48.9857
86.669
163.142
17.8347
18.7707
20.1348
23.0587
24.1441
64.9484
165.84
15.1085
15.7799
17.7577
21.809
21.395
86.9141
153.279
17.8739
18.6405
20.2625
22.3561
24.7388
44.0375
119.577
15.263
15.2857
16.2153
21.2584
31.8704
67.7038
121.669
17.8293
18.5581
19.2125
22.1372
25.0172
36.3824
132.884
15.1144
15.6673
16.8217
19.1045
23.1131
103.896
134.886
18.0668
18.5289
19.1867
21.7775
27.2405
57.3233
161.198
15.2419
15.8845
16.4714
27.9052
40.7154
84.8251
140.748
17.9442
18.8153
19.5109
22.8189
27.6621
41.5673
139.337
15.207
16.4656
16.5164
19.1368
51.9262
105.16
174.068
18.0028
19.0165
19.5009
20.9177
26.884
37.3713
154.16
15.3503
15.7038
16.8566
17.9894
36.1024
79.0799
139.684
17.9442
18.8153
19.5109
22.8189
27.6621
41.5673
139.337
15.207
16.4656
16.5164
19.1368
51.9262
105.16
174.068
18.0124
18.7545
19.597
21.0465
24.5305
37.3028
113.387
15.0887
15.7318
17.3219
19.0378
45.3977
74.5925
181.576
17.9864
18.3768
19.5321
22.7449
24.7294
40.3739
128.908
14.9366
15.5577
16.0482
18.6921
22.5668
89.0458
139.912
18.004
18.4845
19.6193
21.5326
27.7446
54.3345
153.177
15.0877
16.5196
18.5151
29.4432
62.0973
105.588
166.325
17.9132
18.5052
19.8758
20.8964
26.105
54.5989
165.385
15.4136
16.0336
16.6832
37.3547
54.4732
86.6032
95.1671
15.6627
16.6957
17.8572
18.5311
19.8909
22.6035
25.2409
46.2815
123.427
15.387
15.9682
16.6127
18.5885
28.4494
74.4505
175.356
16.3266
16.8525
18.1315
18.2878
19.1655
23.2709
23.0967
50.5355
71.2932
152.792
18.048
18.4792
18.6824
19.1499
19.7052
20.9174
433.155
16.1823
27.6719
54.6877
89.0255
150.662
13.4672
14.2288
17.162
47.132
70.3317
91.3592
136.705
162.731
15.6155
16.603
17.7669
18.0196
19.6531
21.8912
25.4185
34.7124
113.323
15.1879
15.8809
17.2813
17.7324
25.0827
57.4176
146.164
16.2619
17.0115
17.9967
18.5086
20.311
22.7698
32.3109
85.776
166.196
237.601
18.0137
18.4331
18.6838
18.989
19.593
20.5633
826.123
15.528
22.9837
63.576
114.684
142.27
13.1765
13.9503
15.2801
20.5043
68.0478
93.2713
113.81
156.81
19.7819
21.185
23.029
24.3124
25.9039
32.7943
43.0023
207.41
20.1597
22.048
22.6195
24.2493
26.1792
38.2973
106.325
185.669
274.747
430.063
547.53
19.2605
20.5878
22.14
24.5134
25.8004
30.1678
158.087
342.957
18.2995
19.4528
19.8586
20.6325
21.2129
22.1764
22.8637
25.5915
39.8005
37.9377
44.8884
20.9316
23.0352
25.2792
29.943
46.4468
132.491
215.661
525.657
20.0537
21.5985
22.0651
22.8698
24.8019
25.5523
27.0052
39.8142
52.1806
84.5443
124.37
19.6953
21.3507
23.0776
24.6504
27.3027
30.6626
121.33
347.332
19.9003
22.5055
25.1452
36.7104
53.5502
98.188
117.746
166.576
225.42
236.464
241.169
19.7126
21.222
22.9666
24.0779
27.0868
30.3566
36.3118
182.444
19.8686
21.6442
22.862
24.3489
25.6876
28.3679
41.0599
129.038
237.676
375.989
564.767
26.3668
26.6377
28.2437
29.7695
30.1816
34.9138
42.0295
127.351
1321.15
28.2984
30.6649
33.9232
38.009
42.2597
46.0237
2905.93
26.5973
26.8994
28.288
28.9115
34.441
42.4249
35.3295
205.404
957.206
28.441
31.4697
35.4634
42.745
47.2041
3903.63
4504.7
25.3486
26.3523
28.0345
28.8185
30.8885
35.2637
50.7792
421.692
614.039
26.4182
27.2198
28.9461
30.7591
33.1554
34.4422
39.0245
34.9872
37.236
38.7091
48.2748
85.9321
297.841
1146.07
1331.01
1249.96
36.8561
39.6622
43.9646
703.105
4855.41
5802.35
29.101
31.0805
32.3693
34.3995
35.9761
44.7096
296.886
503.689
1125.12
30.2915
33.0133
36.5647
41.8214
44.012
48.3638
55.1758
10.2911
25.1452
166.576
69.5351
11.6943
11.714
12.5375
12.5375
403.005
11.9801
25.9895
59.3765
679.519
17.8499
17.8499
17.8499
17.8499
51.1383
355.487
355.487
355.487
355.487
355.487
13.9894
12.2808
12.2808
11.7931
12.3912
11.85
11.769
893.522
17.8499
2039.92
1127.49
258.29
258.29
13.8753
13.8753
11.6759
12.2424
638.188
13.799
79.259
13.0973
94.9971
84.1208
22.3403
84.1208
96.0896
81.9736
58.95
13.1833
17.3695
797.818
408.885
179.771
15.6973
16.5724
17.8536
18.7406
20.9212
22.7515
33.9238
56.9133
203.096
15.1087
15.828
17.054
26.4657
60.0039
96.6049
164.951
16.2912
17.4985
18.9575
23.5488
47.8199
49.9604
97.2051
151.509
185.195
281.901
18.0864
18.4563
18.929
19.7087
20.9374
355.407
868.842
16.0879
36.0136
74.7358
107.076
120.644
13.3317
14.6596
16.5764
64.6216
86.7851
135.941
193.158
279.626
14.2049
14.4044
15.476
16.3223
17.158
21.0959
41.0787
171.55
171.55
15.8295
16.7316
18.6065
19.9955
20.4616
25.3901
32.2182
60.5758
243.265
15.3818
17.2193
19.2715
34.9784
85.6673
190.606
299.635
17.0938
17.8863
20.0856
23.9392
49.74
97.0156
131.691
228.123
253.33
396.49
18.6559
19.2578
19.9087
21.9056
225.229
630.929
1061.24
16.5769
18.4704
25.1207
91.389
170.069
25.5987
63.7424
135.251
220.171
297.079
323.453
417.056
532.293
14.4482
14.715
15.7698
16.7147
17.984
21.6523
37.999
228.921
15.8295
16.7316
18.6065
19.9955
20.4616
25.3901
32.2182
60.5758
243.265
15.3818
17.2193
19.2715
34.9784
85.6673
190.606
299.635
17.0938
17.8863
20.0856
23.9392
49.74
97.0156
131.691
228.123
253.33
396.49
18.6559
19.2578
19.9087
21.9056
225.229
630.929
1061.24
16.5769
18.4704
25.1207
91.389
170.069
25.5987
63.7424
135.251
220.171
297.079
323.453
417.056
532.293
14.4482
14.715
15.7698
16.7147
17.984
21.6523
37.999
228.921
15.8295
16.7316
18.6065
19.9955
20.4616
25.3901
32.2182
60.5758
243.265
15.3818
17.2193
19.2715
34.9784
85.6673
190.606
299.635
17.0938
17.8863
20.0856
23.9392
49.74
97.0156
131.691
228.123
253.33
396.49
18.6559
19.2578
19.9087
21.9056
225.229
630.929
1061.24
16.5769
18.4704
25.1207
91.389
170.069
25.5987
63.7424
135.251
220.171
297.079
323.453
417.056
532.293
14.4482
14.715
15.7698
16.7147
17.984
21.6523
37.999
228.921
15.6973
16.5724
17.8536
18.7406
20.9212
22.7515
33.9238
56.9133
203.096
15.1087
15.828
17.054
26.4657
60.0039
96.6049
164.951
16.2912
17.4985
18.9575
23.5488
47.8199
49.9604
97.2051
151.509
185.195
281.901
18.0864
18.4563
18.929
19.7087
20.9374
355.407
868.842
16.0879
36.0136
74.7358
107.076
120.644
13.3317
14.6596
16.5764
64.6216
86.7851
135.941
193.158
279.626
14.2049
14.4044
15.476
16.3223
17.158
21.0959
41.0787
171.55
15.5648
16.9031
17.7059
18.9532
20.5387
22.7063
26.3774
62.6853
134.782
15.1063
15.2974
15.5721
17.0622
19.287
76.0371
132.757
16.4206
16.7879
18.1633
18.6553
19.1556
20.2094
25.0722
47.1993
111.27
175.367
18.3631
18.7924
19.3204
21.5208
271.468
600.346
1140.56
15.4209
18.5766
28.2872
43.4589
131.66
12.9638
13.9276
14.6092
16.916
21.6617
59.0142
106.954
147.58
14.2751
14.5686
15.0587
16.0677
17.1034
20.3513
39.206
172.826
15.783
16.6022
17.8293
18.5581
19.2125
22.1372
25.0172
36.3824
132.884
15.1144
15.6673
16.8217
19.1045
23.1131
103.896
134.886
16.3215
16.8372
17.6851
19.2133
19.8017
20.6343
29.8762
89.4239
154.175
205.39
18.123
18.5889
18.7254
19.3053
19.7459
21.7915
426.079
16.1219
27.7361
61.1343
103.15
136.771
13.3448
14.031
17.8973
43.7339
67.4498
74.924
115.729
147.452
14.3503
14.5501
15.4225
16.3191
17.3695
19.517
37.7718
179.771
15.6229
16.4206
17.7585
18.5003
19.1002
21.476
24.8835
43.5768
161.33
15.0465
15.9799
17.7028
18.4834
35.7206
87.3497
148.92
16.1389
16.7832
17.4538
17.9938
19.0865
19.9183
22.0308
25.3323
80.7013
125.946
18.0423
18.4282
18.6587
19.1022
19.8996
317.805
462.627
17.027
36.4262
65.0412
95.6368
141.23
13.2613
14.1519
16.447
56.644
71.5036
99.6307
116.315
168.239
14.2578
14.4922
15.6077
17.256
18.3789
20.1804
41.5245
205.937
15.6155
16.603
17.7669
18.0196
19.6531
21.8912
25.4185
34.7124
113.323
15.1879
15.8809
17.2813
17.7324
25.0827
57.4176
146.164
16.2619
17.0115
17.9967
18.5086
20.311
22.7698
32.3109
85.776
166.196
237.601
18.0137
18.4331
18.6838
18.989
19.593
20.5633
826.123
15.528
22.9837
63.576
114.684
142.27
13.1765
13.9503
15.2801
20.5043
68.0478
93.2713
113.81
156.81
14.2413
14.4599
15.2571
16.6489
17.1126
19.9876
47.3611
173.624
869.768
15.5302
15.6155
16.603
17.7669
18.0196
19.6531
21.8912
25.4185
34.7124
113.323
15.1879
15.8809
17.2813
17.7324
25.0827
57.4176
146.164
16.2619
17.0115
17.9967
18.5086
20.311
22.7698
32.3109
85.776
166.196
237.601
18.0137
18.4331
18.6838
18.989
19.593
20.5633
826.123
15.528
22.9837
63.576
114.684
142.27
13.1765
13.9503
15.2801
20.5043
68.0478
93.2713
113.81
156.81
14.2413
14.4599
15.2571
16.6489
17.1126
19.9876
47.3611
173.624
11.9201
12.5831
12.9526
13.1712
208.842
16.135
27.615
208.842
13.8279
14.6097
20.3191
858.831
17.565
419.748
11.9744
12.4065
13.175
15.3649
419.748
244.994
244.994
20.3191
20.3216
69.6163
174.817
87.7216
43.9471
20.3191
613.511
14.1605
14.1605
794.862
208.842
16.135
27.615
26.3247
55.6804
47.0568
172.285
12.7529
14.1605
27.615
208.842
55.6804
55.6804
55.6804
55.6804
1713.74
31.6192
40.4941
83.8491
65.4616
40.531
31.4624
31.6192
40.4941
83.8491
112.013
44.7037
34.9251
32.6862
42.9227
70.3582
29.0362
36.2926
90.795
36.2926
29.0362
30.3729
37.6002
105.212
80.6495
38.0058
29.6138
29.2685
36.0918
72.6313
30.7572
37.2636
127.704
46.8823
33.0136
27.0687
27.0687
33.0136
46.8823
100.732
78.0635
43.8531
31.9369
26.7594
26.1718
31.5715
41.984
79.0116
25.9853
31.3805
41.5366
73.2717
27.1819
30.7833
38.846
71.4539
436.922
27.2059
30.7833
38.846
71.4539
436.922
28.0658
32.6862
42.9227
70.3582
415.718
28.5292
34.9251
44.7037
112.013
533.202
27.8575
31.6192
40.4941
83.8491
395.519
28.4471
31.4624
40.531
65.4616
404.008
1758.44
65.4616
44.1023
194.069
24.1338
27.5024
34.0301
176.024
634.819
25.6152
28.9434
34.3097
44.1023
194.069
24.1338
27.5024
34.0301
176.024
634.819
25.6152
28.9434
34.3097
44.1023
194.069
24.0486
27.95
39.0594
108.903
569.808
25.4966
26.9568
32.2345
43.5857
151.033
26.7066
33.2269
49.4388
236.638
1023.44
28.8275
32.8395
43.9116
80.4085
337.993
24.9909
30.8263
40.3411
122.487
639.815
25.6485
28.3539
34.2209
58.7347
234.988
27.8741
33.6543
46.3204
140.682
477.585
114.959
265.394
540.912
696.626
1056.33
61.0526
107.632
167.401
313.831
519.266
27.8741
33.6543
46.3204
140.682
477.585
19.5307
23.443
36.8288
114.959
265.394
21.5284
22.5682
24.1188
61.0526
107.632
26.5527
29.5213
37.1605
94.8483
498.099
19.0393
20.804
30.4799
63.0489
187.534
20.9159
22.5322
30.0821
38.3856
102.471
26.6426
29.0362
36.2926
90.795
465.955
18.8736
20.6863
25.5201
74.0456
172.003
21.3162
22.7466
24.7521
29.5933
34.803
27.1685
30.7572
37.2636
127.704
462.698
20.1232
21.9203
30.7753
152.17
415.485
23.0362
24.8753
29.9661
63.7294
161.854
268.471
25.7464
30.3729
37.6002
105.212
507.827
19.1591
21.6859
25.6022
112.76
236.643
21.0347
22.4488
24.2848
25.7435
49.5338
109.152
26.4044
29.6138
38.0058
80.6495
498.176
19.5279
21.8239
25.2231
83.1808
197.038
21.6309
22.7793
24.4472
37.0855
108.788
305.1
26.4428
29.2685
36.0918
72.6313
520.247
19.8224
20.8899
24.0666
94.8412
225.034
21.4045
22.5121
25.58
34.0119
71.5599
222.291
222.291
222.291
222.291
46.7744
46.7744
52.2237
32.3662
254.209
23.2462
24.6504
26.3639
28.5002
32.3662
42.8889
254.209
23.3643
24.972
26.3333
28.5797
32.162
44.3387
85.6353
272.897
23.4753
24.716
25.758
28.1729
32.4584
46.2003
142.464
376.653
23.2462
24.6504
26.3639
28.5002
32.3662
42.8889
122.785
254.209
23.7385
25.5573
27.2131
30.6556
35.1148
119.512
303.291
618.859
23.3646
24.4185
26.1497
28.4447
32.0285
49.486
103.508
293.919
16.9303
17.0817
17.1398
17.2
17.3795
17.5427
17.6385
17.7098
20.0959
24.0295
937.122
27.586
27.4569
38.0084
250.425
26.2744
27.9939
31.0366
34.5237
40.4515
44.7661
56.5485
203.262
26.0696
28.2479
30.6372
34.5092
40.5159
45.3383
55.1994
237.966
26.1848
27.8491
30.3519
33.5018
39.1437
43.2284
52.5999
128.666
27.4125
31.1796
37.4468
46.0017
55.4435
74.2082
170.443
354.134
26.4884
28.7944
32.0016
37.2392
44.9684
52.0986
59.4255
107.611
37.7106
48.9609
70.0949
94.8452
31.9112
37.7106
48.9609
57.6081
70.0949
94.8452
302.555
34.9473
54.1409
75.5002
88.123
142.854
341.956
790.521
31.8838
35.657
42.8115
47.8156
62.1366
257.493
646.522
31.5371
34.3001
39.8646
43.623
52.6124
74.0183
386.893
31.7025
35.5556
41.7571
48.3334
60.9007
308.444
515.99
31.7025
35.5556
41.7571
48.3334
60.9007
308.444
515.99
29.6346
29.6346
44.3686
93.3105
280.103
610.75
1131.21
25.9269
27.2052
29.6346
93.3105
25.9269
29.6346
34.3239
44.3686
56.5932
93.3105
280.103
25.6377
27.1796
29.6364
31.9854
40.6056
65.4229
212.357
25.6117
28.9561
33.1331
37.836
52.1443
82.1324
339.802
31.7201
37.8105
42.1138
55.9528
103.725
221.684
393.831
29.4372
34.5258
36.6131
39.5525
44.4185
52.0803
98.0154
29.4372
15.1429
15.1429
15.1429
15.1429
15.1429
15.1429
15.1429
15.1429
15.1429
15.1429
15.1429
15.1429
15.1429
15.1429
15.1429
15.1429
15.1429
11.5385
11.6943
16.1615
16.1615
6.00377
11.6531
11.9252
11.714
11.7265
16.2425
16.4728
